
XML File: ARI3A_do.xml
Consensus Sequence: dWTTAAWYvRdWWYAAAWYWWW
WPCM Scoring
----------------
A: [17.2470094123503, 30.102534433704008, 4.967530762660428, 6.974366391574009, 42.14354820718558, 41.1896887023524, 21.022215793969202, 0.0, 12.994873278314792, 22.0751919180496, 20.068356289135977, 32.20848668186476, 6.020506886740784, 7.073483010821184, 32.109370062617586, 33.16234618669799, 42.14354820718558, 18.061520660222396, 5.066647381907604, 23.029051422882826, 27.04272268071003, 29.38713980507909]
C: [4.252136134035501, 4.0136712578272, 0.0, 0.0, 2.006835628913598, 2.960695133746813, 0.0, 18.061520660222396, 8.027342515654407, 2.006835628913598, 2.006835628913598, 0.0, 2.006835628913598, 25.13500367104358, 0.0, 2.006835628913598, 0.0, 0.0, 6.020506886740784, 6.020506886740784, 3.0598117529939888, 0.23846487620830295]
G: [14.385430897850675, 0.0, 0.0, 0.0, 0.0, 0.0, 1.0529761240803868, 10.034178144567989, 19.114496784302798, 16.054685031308814, 6.974366391574009, 4.0136712578272, 4.0136712578272, 2.006835628913598, 0.0, 0.0, 0.0, 2.006835628913598, 4.0136712578272, 1.0529761240803868, 0.0, 3.2982766292022903]
T: [8.265807391862715, 10.034178144567989, 39.18285307343877, 37.17601744452519, 0.0, 0.0, 22.0751919180496, 16.054685031308814, 4.0136712578272, 4.0136712578272, 15.100825526475592, 7.928225896407232, 32.109370062617586, 9.935061525320812, 12.041013773481613, 8.981202020487633, 2.006835628913598, 24.08202754696318, 29.049558309623606, 14.047849402395194, 14.047849402395194, 11.226502525609519]

PPM Scoring
----------------
A: [0.390642343594948, 0.681818181818182, 0.112513874875959, 0.157968420330504, 0.954545454545454, 0.932940670578587, 0.476150238512322, 0.0, 0.29433205669414, 0.5, 0.454545454545454, 0.729517704793537, 0.136363636363636, 0.160213397851314, 0.727272727272727, 0.751122488760405, 0.954545454545454, 0.409090909090909, 0.114758852396769, 0.521604783966868, 0.612513874875959, 0.665614593843031]
C: [0.0963102869008078, 0.0909090909090909, 0.0, 0.0, 0.0454545454545454, 0.0670593294214132, 0.0, 0.409090909090909, 0.181818181818182, 0.0454545454545454, 0.0454545454545454, 0.0, 0.0454545454545454, 0.569304306942223, 0.0, 0.0454545454545454, 0.0, 0.0, 0.136363636363636, 0.136363636363636, 0.0693043069422232, 0.00540119599171693]
G: [0.325827991694345, 0.0, 0.0, 0.0, 0.0, 0.0, 0.0238497614876777, 0.227272727272727, 0.432940670578587, 0.363636363636364, 0.157968420330504, 0.0909090909090909, 0.0909090909090909, 0.0454545454545454, 0.0, 0.0, 0.0, 0.0454545454545454, 0.0909090909090909, 0.0238497614876777, 0.0, 0.0747055029339401]
T: [0.187219377809899, 0.227272727272727, 0.887486125124041, 0.842031579669496, 0.0, 0.0, 0.5, 0.363636363636364, 0.0909090909090909, 0.0909090909090909, 0.342031579669496, 0.179573204297372, 0.727272727272727, 0.225027749751917, 0.272727272727273, 0.20342296578505, 0.0454545454545454, 0.545454545454545, 0.657968420330504, 0.318181818181818, 0.318181818181818, 0.254278707231312]

PWM Scoring
----------------
A: [0.27148003304272467, 0.8023942183313255, -0.8344526899990273, -0.5489261568783658, 1.1286958276392731, 1.1063938241178226, 0.4585466871594179, -2.538175204868259, 0.007911378487071402, 0.5050358939746502, 0.4144825358624815, 0.8676964167387863, -0.6745540970197117, -0.5367333477244592, 0.8647167368953795, 0.8959267564437551, 1.1286958276392731, 0.31490535170939593, -0.8182630785217226, 0.5453610638005928, 0.6992020932200705, 0.7792038143511404]
C: [-0.6830418065773977, -0.7315057363232633, -2.538175204868259, -2.538175204868259, -1.27261867451045, -0.9790315215370615, -2.538175204868259, 0.635936955301081, -0.12402543738662695, -1.27261867451045, -1.27261867451045, -2.538175204868259, -1.27261867451045, 0.954572685719981, -2.538175204868259, -1.27261867451045, -2.538175204868259, -2.538175204868259, -0.3823288680804045, -0.3823288680804045, -0.9529383008323261, -2.273950593481041]
G: [0.41900208977143644, -2.538175204868259, -2.538175204868259, -2.538175204868259, -2.538175204868259, -2.538175204868259, -1.6899995945196693, 0.08106750668052415, 0.6902932008424295, 0.5233691997775965, -0.251223866789746, -0.7315057363232633, -0.7315057363232633, -1.27261867451045, -2.538175204868259, -2.538175204868259, -2.538175204868259, -1.27261867451045, -0.7315057363232633, -1.6899995945196693, -2.538175204868259, -0.892816606610328]
T: [-0.4006451331004528, -0.227780688071212, 1.057782649805516, 1.0066871490464295, -2.538175204868259, -2.538175204868259, 0.5050358939746502, 0.20430476072670048, -1.0053246460895182, -1.0053246460895182, 0.14711376165410991, -0.4373337291612006, 0.8647167368953795, -0.236718304853562, -0.06213441066651204, -0.32707816294199604, -1.502971411604172, 0.5880658946862678, 0.7680710776915751, 0.0799327799036916, 0.0799327799036916, -0.1260944100019379]
