
XML File: AIRE_f2.xml
Consensus Sequence: hnnGGWWnddWWGGdbWh
WPCM Scoring
----------------
A: [16.428571428571484, 7.51020408163268, 5.632653061224489, 1.877551020408166, 0.0, 13.14285714285717, 15.959183673469415, 15.02040816326536, 14.081632653061265, 21.591836734693945, 15.959183673469415, 9.38775510204083, 0.0, 0.0, 9.38775510204083, 2.8163265306122534, 18.77551020408166, 16.663265306122497]
C: [10.795918367346953, 7.51020408163268, 5.632653061224489, 0.0, 0.0, 1.877551020408166, 3.755102040816336, 5.632653061224489, 2.8163265306122534, 3.755102040816336, 1.877551020408166, 5.632653061224489, 0.938775510204083, 0.0, 3.755102040816336, 7.51020408163268, 0.938775510204083, 11.030612244898006]
G: [5.1632653061224625, 5.632653061224489, 8.448979591836776, 36.612244897959265, 33.79591836734698, 0.938775510204083, 0.938775510204083, 5.632653061224489, 5.632653061224489, 5.632653061224489, 2.8163265306122534, 2.8163265306122534, 36.612244897959265, 40.36734693877556, 10.326530612244925, 7.51020408163268, 6.571428571428585, 4.45918367346938]
T: [8.918367346938803, 20.65306122448985, 21.591836734693906, 2.8163265306122534, 7.51020408163268, 25.346938775510242, 20.65306122448985, 15.02040816326536, 18.775510204081698, 10.326530612244925, 20.65306122448985, 23.469387755102094, 3.755102040816336, 0.938775510204083, 17.836734693877606, 23.469387755102094, 15.02040816326536, 9.153061224489816]

PPM Scoring
----------------
A: [0.397727272727273, 0.181818181818182, 0.136363636363636, 0.0454545454545454, 0.0, 0.318181818181818, 0.386363636363636, 0.363636363636364, 0.340909090909091, 0.522727272727273, 0.386363636363636, 0.227272727272727, 0.0, 0.0, 0.227272727272727, 0.0681818181818182, 0.454545454545454, 0.403409090909091]
C: [0.261363636363636, 0.181818181818182, 0.136363636363636, 0.0, 0.0, 0.0454545454545454, 0.0909090909090909, 0.136363636363636, 0.0681818181818182, 0.0909090909090909, 0.0454545454545454, 0.136363636363636, 0.0227272727272727, 0.0, 0.0909090909090909, 0.181818181818182, 0.0227272727272727, 0.267045454545455]
G: [0.125, 0.136363636363636, 0.204545454545455, 0.886363636363636, 0.818181818181817, 0.0227272727272727, 0.0227272727272727, 0.136363636363636, 0.136363636363636, 0.136363636363636, 0.0681818181818182, 0.0681818181818182, 0.886363636363636, 0.977272727272726, 0.25, 0.181818181818182, 0.159090909090909, 0.107954545454545]
T: [0.215909090909091, 0.5, 0.522727272727272, 0.0681818181818182, 0.181818181818182, 0.613636363636363, 0.5, 0.363636363636364, 0.454545454545455, 0.25, 0.5, 0.568181818181818, 0.0909090909090909, 0.0227272727272727, 0.431818181818182, 0.568181818181818, 0.363636363636364, 0.221590909090909]

PWM Scoring
----------------
A: [0.2873931371522786, -0.42432832128709497, -0.6707662784591033, -1.4892943831958096, -2.493269934036155, 0.0796300441207614, 0.26022739230966, 0.20357640732573515, 0.1435223353675144, 0.545750014942865, 0.26022739230966, -0.2267732619381562, -2.493269934036155, -2.493269934036155, -0.2267732619381562, -1.214097358509674, 0.4131446718775913, 0.30070418807420213]
C: [0.21053008629861047, -0.12350529459100401, -0.38049563705128703, -2.4932699340361553, -2.4932699340361553, -1.262542631862601, -0.72726641695214, -0.38049563705128703, -0.9595090257350019, -0.72726641695214, -1.262542631862601, -0.38049563705128703, -1.6994364353432307, -2.4932699340361553, -0.72726641695214, -0.12350529459100401, -1.6994364353432307, 0.23061079481069205]
G: [-0.45657587878506506, -0.38049563705128703, -0.01616579559916477, 1.3833852347583353, 1.305067705970472, -1.6994364353432307, -1.6994364353432307, -0.38049563705128703, -0.38049563705128703, -0.38049563705128703, -0.9595090257350019, -0.9595090257350019, 1.3833852347583353, 1.4790944012175267, 0.16911691231256906, -0.12350529459100401, -0.2437675795650807, -0.5827898045642969]
T: [-0.2726248235913401, 0.5034723324874623, 0.5457500149428635, -1.214097358509674, -0.42432832128709497, 0.6989737868481373, 0.5034723324874623, 0.20357640732573515, 0.41314467187759346, -0.14093275568221372, 0.5034723324874623, 0.6252937251125651, -0.9985203482087784, -1.8702475137568733, 0.36472468754622345, 0.6252937251125651, 0.20357640732573515, -0.24943627006879668]
