
XML File: ANDR_do.xml
Consensus Sequence: RGWWCWbndhGTdCYd
WPCM Scoring
----------------
A: [40.33851086517265, 7.30753883288394, 54.62307029424947, 98.82942749168932, 2.052679447439309, 94.41825620479551, 11.70027285040406, 41.534514192778495, 51.45440517200126, 22.489827970743118, 2.340054570080812, 13.29382404621505, 31.812352385107843, 17.46621257260776, 10.91271588718541, 31.7227064340186]
C: [4.6930971614443155, 4.4262488332772065, 0.0, 0.7389646010781514, 123.59564012398928, 4.680109140161624, 35.44350548197472, 25.094641343890302, 12.136784782457296, 32.89818296715002, 5.911716808625211, 1.88846509164417, 2.216893803234448, 104.11780169289109, 35.49963661730694, 15.50317907625773]
G: [72.89318757434883, 118.26621233383878, 30.252316005054, 12.233969506738278, 3.530608649595612, 14.01017232771806, 50.140690325640065, 42.833151492756166, 40.36993615582902, 6.72524981440923, 120.27029941913766, 12.465213494047587, 37.59336965369492, 2.5042689258759507, 7.382107237589799, 24.89691217233805]
T: [12.075204399034114, 0.0, 45.124613700696536, 18.19763840049428, 0.8210717789757236, 16.89146232732478, 32.71553134198115, 20.53769297057504, 26.038873889712452, 67.88673924769776, 1.4779292021563029, 102.35249736809331, 58.37738415796274, 5.911716808625211, 76.20554025791786, 57.87720231738562]

PPM Scoring
----------------
A: [0.310296237424405, 0.0562118371760303, 0.420177463801919, 0.760226365320687, 0.0157898419033793, 0.726294278498427, 0.090002098849262, 0.319496263021373, 0.395803116707702, 0.172998676698024, 0.0180004197698524, 0.102260184970885, 0.244710402962368, 0.134355481327752, 0.0839439683629647, 0.24402081872322]
C: [0.0361007473957255, 0.0340480679482862, 0.0, 0.00568434308521655, 0.950735693261456, 0.0360008395397048, 0.272642349861344, 0.19303570264531, 0.0933598829419792, 0.253062945901154, 0.0454747446817324, 0.014526654551109, 0.0170530292556496, 0.800906166868393, 0.273074127825438, 0.119255223663521]
G: [0.560716827494991, 0.909740094875683, 0.2327101231158, 0.0941074577441406, 0.0271585280738124, 0.107770556367062, 0.385697617889539, 0.329485780713509, 0.310537970429454, 0.051732690880071, 0.925156149377982, 0.0958862576465199, 0.289179766566884, 0.0192636071221227, 0.0567854402891523, 0.191514709017985]
T: [0.0928861876848778, 0.0, 0.347112413082281, 0.139981833849956, 0.00631593676135172, 0.129934325594806, 0.251657933399855, 0.157982253619808, 0.200299029920865, 0.522205686520752, 0.0113686861704331, 0.787326902831487, 0.449056801215098, 0.0454747446817324, 0.586196463522445, 0.445209248595274]

PWM Scoring
----------------
A: [0.059254189937394085, -1.5061274843997163, 0.353468841199554, 0.9350063726443026, -2.427611349883357, 0.8900071501409318, -1.098468482619457, 0.08749237166895696, 0.29526817199065963, -0.49835197233663536, -2.348113625618381, -0.9838430784125943, -0.16912263318466395, -0.734204707625425, -1.160369451500874, -0.17182379439413833]
C: [-1.5933671294293301, -1.6412584684453462, -3.321705534539866, -2.774027889861662, 1.4902177229870037, -1.5956457510741042, 0.26116640440902356, -0.0727217125913395, -0.7585313146474122, 0.1887920378392305, -1.3998159149907223, -2.269628033754845, -2.162406703882106, 1.3202455954834826, 0.2627048797942628, -0.5306016150345979]
G: [0.9678382330585006, 1.4465069670451478, 0.10755742787165258, -0.7511680898667917, -1.821165355926153, -0.625346154367584, 0.5998783972215237, 0.4457318364127929, 0.3879139817766796, -1.2887427810015533, 1.4631689787181725, -0.733862780847688, 0.3184632367015852, -2.0771798920386773, -1.2072727520608226, -0.08032404996106773]
T: [-1.0702935623025431, -3.321705534539866, 0.1677611555192551, -0.6962086220896072, -2.8655169047529605, -0.7651089490448227, -0.14230802297722217, -0.5835224365654009, -0.35995444695214024, 0.5658890432887309, -2.608517338243837, 0.9695458522465882, 0.41830977831942795, -1.6803919947965895, 0.6792427427244194, 0.40991004738552095]
